# relative_time, cycles_done, cur_item, corpus_count, pending_total, pending_favs, map_size, saved_crashes, saved_hangs, max_depth, execs_per_sec, total_execs, edges_found
61, 2, 15, 20, 9, 1, 1.48%, 0, 0, 6, 960.61, 57483, 551
66, 2, 15, 21, 10, 1, 1.48%, 0, 0, 6, 976.88, 62450, 551
71, 2, 15, 22, 11, 1, 1.48%, 0, 0, 6, 955.52, 67171, 553
76, 2, 15, 22, 11, 1, 1.48%, 0, 0, 6, 967.01, 71902, 553
81, 2, 15, 22, 11, 1, 1.48%, 0, 0, 6, 964.87, 76804, 553
86, 2, 15, 22, 11, 1, 1.48%, 0, 0, 6, 912.33, 81465, 553
91, 2, 17, 22, 9, 4, 1.48%, 0, 0, 6, 971.93, 86553, 553
96, 2, 10, 23, 6, 0, 1.64%, 0, 0, 6, 955.45, 91428, 612
101, 2, 22, 27, 10, 1, 1.65%, 0, 0, 6, 914.35, 96047, 616
106, 2, 22, 29, 12, 1, 1.66%, 0, 0, 6, 841.32, 100167, 617
111, 2, 22, 30, 13, 1, 1.66%, 0, 0, 6, 934.13, 105161, 617
117, 2, 22, 30, 13, 1, 1.66%, 0, 0, 6, 973.55, 110258, 617
122, 2, 22, 30, 13, 1, 1.66%, 0, 0, 6, 953.65, 115046, 617
127, 2, 22, 30, 13, 1, 1.66%, 0, 0, 6, 940.26, 119777, 617
132, 2, 22, 30, 13, 1, 1.66%, 0, 0, 6, 963.11, 124679, 617
137, 2, 24, 30, 12, 5, 1.66%, 0, 0, 6, 962.72, 129529, 617
142, 2, 23, 30, 10, 3, 1.66%, 0, 0, 6, 974.00, 134503, 617
147, 2, 26, 32, 9, 0, 1.66%, 0, 0, 6, 957.25, 139388, 617
152, 2, 28, 34, 11, 0, 1.66%, 0, 0, 6, 955.30, 144420, 619
157, 2, 28, 35, 12, 0, 1.67%, 0, 0, 6, 930.47, 148985, 623
162, 2, 28, 37, 14, 0, 1.68%, 0, 0, 6, 908.05, 153645, 625
167, 2, 28, 37, 14, 0, 1.68%, 0, 0, 6, 971.38, 158592, 625
172, 2, 28, 37, 14, 0, 1.68%, 0, 0, 6, 981.26, 163494, 625
177, 2, 28, 38, 15, 0, 1.68%, 0, 0, 6, 960.55, 168271, 625
182, 2, 28, 38, 15, 0, 1.68%, 0, 0, 6, 790.35, 172158, 625
188, 2, 33, 38, 14, 3, 1.68%, 0, 0, 6, 798.27, 176164, 625
193, 2, 34, 41, 16, 2, 1.74%, 0, 0, 7, 861.78, 180785, 649
198, 2, 34, 46, 21, 2, 1.75%, 0, 0, 7, 836.76, 185070, 654
203, 2, 34, 46, 21, 2, 1.75%, 0, 0, 7, 963.25, 190225, 654
208, 2, 34, 47, 22, 2, 1.75%, 0, 0, 7, 949.97, 195230, 654
213, 2, 34, 48, 23, 2, 1.75%, 0, 0, 7, 917.60, 199858, 654
218, 2, 34, 48, 23, 2, 1.75%, 0, 0, 7, 971.26, 204814, 654
223, 2, 34, 49, 24, 2, 1.89%, 0, 0, 7, 968.48, 209679, 703
228, 2, 39, 49, 23, 8, 1.89%, 0, 0, 7, 952.52, 214324, 703
234, 2, 48, 49, 20, 5, 1.89%, 0, 0, 7, 982.23, 219476, 703
239, 2, 48, 51, 22, 5, 1.89%, 0, 0, 8, 950.88, 224163, 705
244, 2, 48, 56, 27, 5, 1.91%, 0, 0, 8, 890.48, 228778, 710
249, 2, 48, 56, 27, 5, 1.91%, 0, 0, 8, 915.95, 233299, 710
254, 2, 48, 57, 28, 5, 1.91%, 0, 0, 8, 899.85, 237757, 711
259, 2, 48, 57, 28, 5, 1.91%, 0, 0, 8, 932.67, 242519, 711
264, 2, 48, 57, 28, 5, 1.91%, 0, 0, 8, 926.89, 247269, 711
269, 2, 41, 57, 28, 6, 1.91%, 0, 0, 8, 927.51, 251962, 711
274, 2, 50, 57, 27, 5, 1.91%, 0, 0, 8, 959.65, 256861, 711
279, 2, 24, 58, 25, 3, 1.91%, 0, 0, 8, 926.72, 261196, 712
284, 2, 36, 58, 23, 1, 1.91%, 0, 0, 8, 975.21, 266110, 712
289, 2, 57, 58, 23, 1, 1.91%, 0, 0, 8, 973.26, 270933, 712
294, 3, 16, 58, 22, 0, 1.91%, 0, 0, 8, 990.20, 275919, 712
299, 3, 45, 58, 22, 0, 1.91%, 0, 0, 8, 998.89, 280951, 712
304, 3, 50, 58, 22, 0, 1.91%, 0, 0, 8, 997.72, 285941, 712
309, 3, 33, 58, 22, 0, 1.91%, 0, 0, 8, 991.94, 290931, 712
314, 3, 11, 58, 22, 0, 1.91%, 0, 0, 8, 988.87, 295907, 712
319, 3, 26, 59, 23, 0, 1.91%, 0, 0, 8, 981.85, 300845, 713
324, 3, 24, 59, 23, 0, 1.91%, 0, 0, 8, 934.77, 305310, 713
329, 3, 24, 59, 23, 0, 1.91%, 0, 0, 8, 976.31, 310258, 713
334, 3, 48, 59, 23, 0, 1.91%, 0, 0, 8, 989.16, 315230, 713
339, 3, 12, 59, 23, 0, 1.91%, 0, 0, 8, 971.67, 320021, 713
344, 3, 24, 59, 23, 0, 1.91%, 0, 0, 8, 966.13, 324854, 713
350, 3, 50, 59, 23, 0, 1.91%, 0, 0, 8, 986.94, 329994, 713
355, 3, 48, 59, 23, 0, 1.91%, 0, 0, 8, 986.70, 334955, 713
360, 3, 24, 59, 23, 0, 1.91%, 0, 0, 8, 997.19, 340017, 713
365, 4, 41, 59, 23, 0, 1.91%, 0, 0, 8, 992.61, 344987, 713
370, 4, 18, 59, 23, 0, 1.91%, 0, 0, 8, 977.85, 349869, 713
375, 4, 48, 59, 23, 0, 1.91%, 0, 0, 8, 990.71, 354866, 713
380, 4, 11, 59, 22, 0, 1.91%, 0, 0, 8, 978.17, 359932, 713
385, 4, 21, 61, 24, 0, 1.91%, 0, 0, 8, 955.36, 364788, 713
390, 4, 21, 61, 24, 0, 1.91%, 0, 0, 8, 963.86, 369700, 713
395, 4, 11, 62, 25, 0, 1.91%, 0, 0, 8, 960.63, 374580, 713
400, 4, 24, 62, 25, 0, 1.91%, 0, 0, 8, 984.54, 379516, 713
405, 4, 39, 62, 24, 0, 1.91%, 0, 0, 8, 978.37, 384415, 713
410, 5, 39, 62, 24, 0, 1.91%, 0, 0, 8, 966.70, 389269, 713
415, 5, 11, 62, 24, 0, 1.91%, 0, 0, 8, 983.60, 394203, 713
421, 5, 18, 62, 24, 0, 1.91%, 0, 0, 8, 988.77, 399377, 713
426, 5, 57, 62, 24, 0, 1.91%, 0, 0, 8, 983.51, 404332, 713
431, 5, 24, 62, 24, 0, 1.91%, 0, 0, 8, 956.33, 409234, 713
436, 5, 6, 62, 24, 0, 1.91%, 0, 0, 8, 985.02, 414197, 713
441, 5, 24, 62, 24, 0, 1.91%, 0, 0, 8, 983.57, 419128, 713
446, 5, 11, 62, 24, 0, 1.91%, 0, 0, 8, 994.95, 424300, 713
451, 5, 35, 62, 24, 0, 1.91%, 0, 0, 8, 993.44, 429258, 713
456, 5, 48, 62, 24, 0, 1.91%, 0, 0, 8, 922.23, 433981, 713
461, 5, 22, 62, 24, 0, 1.91%, 0, 0, 8, 980.48, 438989, 713
466, 6, 39, 62, 24, 0, 1.91%, 0, 0, 8, 985.98, 443920, 713
471, 6, 48, 62, 24, 0, 1.91%, 0, 0, 8, 988.59, 449078, 713
476, 6, 32, 63, 25, 0, 1.92%, 0, 0, 8, 909.49, 453717, 714
481, 6, 41, 63, 24, 0, 1.92%, 0, 0, 8, 861.52, 458028, 714
486, 6, 23, 63, 24, 0, 1.92%, 0, 0, 8, 947.54, 462892, 714
492, 6, 31, 63, 24, 0, 1.92%, 0, 0, 8, 964.64, 467800, 714
497, 6, 24, 63, 23, 0, 1.92%, 0, 0, 8, 977.93, 472714, 714
502, 6, 25, 63, 23, 0, 1.92%, 0, 0, 8, 991.04, 477708, 714
507, 6, 6, 63, 23, 0, 1.92%, 0, 0, 8, 970.64, 482681, 714
512, 6, 48, 63, 23, 0, 1.92%, 0, 0, 8, 982.28, 487635, 714
517, 6, 24, 63, 23, 0, 1.92%, 0, 0, 8, 956.89, 492385, 714
522, 6, 11, 63, 23, 0, 1.92%, 0, 0, 8, 860.09, 496818, 714
527, 7, 11, 63, 23, 0, 1.92%, 0, 0, 8, 900.79, 501015, 714
532, 7, 48, 63, 23, 0, 1.92%, 0, 0, 8, 747.77, 505072, 714
537, 7, 45, 63, 23, 0, 1.92%, 0, 0, 8, 780.82, 508947, 714
542, 7, 48, 63, 23, 0, 1.92%, 0, 0, 8, 870.74, 513356, 714
547, 7, 11, 63, 23, 0, 1.92%, 0, 0, 8, 954.35, 518405, 714
552, 7, 36, 63, 23, 0, 1.92%, 0, 0, 8, 966.95, 523269, 714
558, 7, 45, 63, 23, 0, 1.92%, 0, 0, 8, 979.71, 528393, 714
563, 7, 45, 63, 23, 0, 1.92%, 0, 0, 8, 908.40, 532887, 714
568, 7, 24, 63, 23, 0, 1.92%, 0, 0, 8, 960.56, 537936, 714
573, 7, 45, 63, 23, 0, 1.92%, 0, 0, 8, 979.94, 542916, 714
578, 7, 48, 63, 23, 0, 1.92%, 0, 0, 8, 974.13, 547768, 714
583, 7, 45, 63, 23, 0, 1.92%, 0, 0, 8, 971.82, 552689, 714
588, 8, 19, 63, 23, 0, 1.92%, 0, 0, 8, 961.11, 557519, 714
593, 8, 11, 63, 23, 0, 1.92%, 0, 0, 8, 937.71, 562315, 714
598, 8, 21, 65, 25, 0, 1.92%, 0, 0, 8, 945.12, 566943, 714
603, 8, 24, 65, 25, 0, 1.92%, 0, 0, 8, 925.67, 571696, 714
608, 8, 6, 65, 25, 0, 1.92%, 0, 0, 8, 919.06, 576268, 714
613, 8, 50, 65, 25, 0, 1.92%, 0, 0, 8, 936.83, 580921, 714
618, 8, 45, 65, 25, 0, 1.92%, 0, 0, 8, 949.08, 585679, 714
621, 8, 45, 65, 25, 0, 1.92%, 0, 0, 8, 954.27, 588419, 714
