# relative_time, cycles_done, cur_item, corpus_count, pending_total, pending_favs, map_size, saved_crashes, saved_hangs, max_depth, execs_per_sec, total_execs, edges_found
61, 1, 3, 7, 4, 1, 4.76%, 0, 0, 3, 164.89, 9945, 1774
66, 1, 3, 7, 4, 1, 4.76%, 0, 0, 3, 164.54, 10797, 1774
71, 1, 3, 8, 5, 1, 4.76%, 0, 0, 3, 148.86, 11491, 1774
76, 1, 3, 8, 5, 1, 4.76%, 0, 0, 3, 158.30, 12291, 1774
81, 1, 3, 8, 5, 1, 4.76%, 0, 0, 3, 164.68, 13134, 1774
86, 1, 3, 9, 6, 1, 4.77%, 0, 0, 3, 166.07, 13979, 1779
91, 1, 3, 9, 6, 1, 4.77%, 0, 0, 3, 165.79, 14819, 1779
96, 1, 3, 9, 6, 1, 4.77%, 0, 0, 3, 158.26, 15636, 1779
102, 1, 3, 10, 7, 1, 4.77%, 0, 0, 3, 162.04, 16469, 1779
107, 1, 3, 10, 7, 1, 4.77%, 0, 0, 3, 158.78, 17291, 1779
112, 1, 3, 10, 7, 1, 4.77%, 0, 0, 3, 153.46, 18086, 1779
117, 1, 3, 10, 7, 1, 4.77%, 0, 0, 3, 154.39, 18884, 1779
122, 1, 3, 10, 7, 1, 4.77%, 0, 0, 3, 145.52, 19622, 1779
128, 1, 3, 11, 8, 1, 4.80%, 0, 0, 3, 145.70, 20388, 1788
133, 1, 3, 12, 9, 1, 4.80%, 0, 0, 3, 155.34, 21207, 1789
139, 1, 3, 12, 9, 1, 4.80%, 0, 0, 3, 1.69, 21804, 1789
145, 1, 3, 12, 9, 1, 4.80%, 0, 0, 3, 1.59, 22332, 1789
150, 1, 3, 12, 9, 1, 4.80%, 0, 0, 3, 151.85, 23073, 1789
155, 1, 3, 12, 9, 1, 4.80%, 0, 0, 3, 150.59, 23815, 1789
160, 1, 3, 12, 9, 1, 4.80%, 0, 0, 3, 162.95, 24553, 1789
165, 1, 3, 12, 9, 1, 4.80%, 0, 0, 3, 160.96, 25372, 1789
170, 1, 3, 12, 9, 1, 4.80%, 0, 0, 3, 162.88, 26158, 1789
175, 1, 3, 12, 9, 1, 4.80%, 0, 0, 3, 160.31, 26983, 1789
181, 1, 3, 12, 9, 1, 4.80%, 0, 0, 3, 149.83, 27754, 1789
186, 1, 3, 12, 9, 1, 4.80%, 0, 0, 3, 142.36, 28479, 1789
191, 1, 3, 12, 9, 1, 4.80%, 0, 0, 3, 135.43, 29173, 1789
196, 1, 3, 12, 9, 1, 4.80%, 0, 0, 3, 149.99, 29963, 1789
201, 1, 3, 12, 9, 1, 4.80%, 0, 0, 3, 146.05, 30717, 1789
206, 1, 3, 12, 9, 1, 4.80%, 0, 0, 3, 145.24, 31485, 1789
211, 1, 3, 12, 9, 1, 4.80%, 0, 0, 3, 152.34, 32266, 1789
217, 1, 3, 12, 9, 1, 4.80%, 0, 0, 3, 153.65, 33058, 1789
222, 1, 3, 12, 9, 1, 4.80%, 0, 0, 3, 149.51, 33839, 1789
227, 1, 3, 12, 9, 1, 4.80%, 0, 0, 3, 26.82, 34362, 1789
232, 1, 3, 12, 9, 1, 4.80%, 0, 0, 3, 94.27, 34877, 1789
237, 1, 3, 12, 9, 1, 4.80%, 0, 0, 3, 126.75, 35568, 1789
242, 1, 3, 12, 9, 1, 4.80%, 0, 0, 3, 141.58, 36314, 1789
247, 1, 3, 12, 9, 1, 4.80%, 0, 0, 3, 134.58, 36996, 1789
253, 1, 3, 12, 9, 1, 4.80%, 0, 0, 3, 136.07, 37684, 1789
258, 1, 3, 12, 9, 1, 4.80%, 0, 0, 3, 106.47, 38232, 1789
263, 1, 3, 12, 9, 1, 4.80%, 0, 0, 3, 128.10, 38914, 1789
268, 1, 3, 12, 9, 1, 4.80%, 0, 0, 3, 131.68, 39588, 1789
273, 1, 3, 12, 9, 1, 4.80%, 0, 0, 3, 139.36, 40304, 1789
278, 1, 3, 12, 9, 1, 4.80%, 0, 0, 3, 137.68, 41012, 1789
283, 1, 3, 12, 9, 1, 4.80%, 0, 0, 3, 153.26, 41821, 1789
288, 1, 3, 13, 10, 1, 4.80%, 0, 0, 3, 159.17, 42628, 1789
294, 1, 11, 14, 10, 4, 4.80%, 0, 0, 4, 162.94, 43455, 1790
299, 1, 11, 15, 11, 4, 4.80%, 0, 0, 4, 159.03, 44243, 1790
304, 1, 11, 15, 11, 4, 4.80%, 0, 0, 4, 160.87, 45071, 1790
309, 1, 11, 20, 16, 4, 4.82%, 0, 0, 4, 158.99, 45871, 1796
314, 1, 11, 22, 18, 4, 4.83%, 0, 0, 4, 160.18, 46673, 1799
319, 1, 11, 22, 18, 4, 4.83%, 0, 0, 4, 159.64, 47495, 1799
324, 1, 11, 22, 18, 4, 4.83%, 0, 0, 4, 161.83, 48296, 1799
329, 1, 11, 22, 18, 4, 4.83%, 0, 0, 4, 165.83, 49145, 1799
334, 1, 15, 22, 17, 8, 4.83%, 0, 0, 4, 166.35, 49983, 1799
339, 1, 15, 22, 17, 8, 4.83%, 0, 0, 4, 166.42, 50832, 1799
344, 1, 15, 23, 18, 8, 4.83%, 0, 0, 5, 166.97, 51682, 1801
349, 1, 15, 23, 18, 8, 4.83%, 0, 0, 5, 166.73, 52526, 1801
354, 1, 5, 23, 17, 8, 4.83%, 0, 0, 5, 166.38, 53365, 1801
360, 1, 17, 23, 16, 7, 4.83%, 0, 0, 5, 166.94, 54215, 1801
365, 1, 8, 23, 15, 6, 4.83%, 0, 0, 5, 167.31, 55086, 1801
370, 1, 10, 24, 15, 5, 4.85%, 0, 0, 5, 167.58, 55930, 1807
375, 1, 14, 24, 14, 5, 4.85%, 0, 0, 5, 166.75, 56764, 1807
380, 1, 14, 24, 14, 5, 4.85%, 0, 0, 5, 166.61, 57606, 1807
385, 1, 13, 24, 13, 4, 4.85%, 0, 0, 5, 167.22, 58447, 1807
390, 1, 13, 24, 13, 4, 4.85%, 0, 0, 5, 167.61, 59317, 1807
395, 1, 22, 24, 12, 3, 4.85%, 0, 0, 5, 167.54, 60166, 1807
400, 1, 22, 24, 12, 3, 4.85%, 0, 0, 5, 167.40, 61004, 1807
405, 1, 21, 25, 12, 2, 4.85%, 0, 0, 5, 167.45, 61849, 1808
410, 1, 23, 25, 11, 2, 4.85%, 0, 0, 5, 167.04, 62718, 1808
415, 1, 23, 25, 11, 2, 4.85%, 0, 0, 5, 167.53, 63566, 1808
421, 1, 24, 25, 10, 1, 4.85%, 0, 0, 5, 167.46, 64408, 1808
426, 1, 24, 25, 10, 1, 4.85%, 0, 0, 5, 167.04, 65242, 1808
431, 1, 2, 25, 9, 0, 4.85%, 0, 0, 5, 167.40, 66092, 1808
436, 1, 2, 25, 9, 0, 4.85%, 0, 0, 5, 167.17, 66947, 1808
441, 1, 1, 25, 9, 0, 4.85%, 0, 0, 5, 167.65, 67811, 1808
446, 1, 2, 25, 9, 0, 4.85%, 0, 0, 5, 156.31, 68591, 1808
451, 2, 23, 25, 9, 0, 4.85%, 0, 0, 5, 134.03, 69224, 1808
456, 2, 23, 25, 9, 0, 4.85%, 0, 0, 5, 144.44, 69998, 1808
461, 2, 23, 26, 10, 0, 4.88%, 0, 0, 5, 148.78, 70760, 1817
466, 2, 23, 28, 12, 0, 4.90%, 0, 0, 5, 153.70, 71534, 1825
471, 2, 23, 28, 12, 0, 4.90%, 0, 0, 5, 163.83, 72377, 1825
476, 2, 23, 28, 12, 0, 4.90%, 0, 0, 5, 160.65, 73196, 1825
481, 2, 23, 28, 12, 0, 4.90%, 0, 0, 5, 164.51, 74030, 1825
487, 2, 23, 28, 12, 0, 4.90%, 0, 0, 5, 165.51, 74876, 1825
492, 2, 23, 28, 12, 0, 4.90%, 0, 0, 5, 159.36, 75683, 1825
497, 2, 23, 28, 12, 0, 4.90%, 0, 0, 5, 156.54, 76487, 1825
502, 2, 23, 28, 12, 0, 4.90%, 0, 0, 5, 155.47, 77291, 1825
507, 2, 23, 30, 14, 0, 4.94%, 0, 0, 5, 164.05, 78138, 1839
512, 2, 23, 30, 14, 0, 4.94%, 0, 0, 5, 166.42, 78996, 1839
517, 2, 23, 30, 14, 0, 4.94%, 0, 0, 5, 164.92, 79842, 1839
522, 2, 23, 30, 14, 0, 4.94%, 0, 0, 5, 166.72, 80694, 1839
527, 2, 23, 30, 14, 0, 4.94%, 0, 0, 5, 166.53, 81543, 1839
533, 2, 23, 30, 14, 0, 4.94%, 0, 0, 5, 166.43, 82383, 1839
538, 2, 23, 30, 14, 0, 4.94%, 0, 0, 5, 163.68, 83217, 1839
543, 2, 23, 31, 15, 0, 4.94%, 0, 0, 5, 166.35, 84074, 1840
548, 2, 23, 31, 15, 0, 4.94%, 0, 0, 5, 167.36, 84932, 1840
553, 2, 23, 31, 15, 0, 4.94%, 0, 0, 5, 167.73, 85796, 1840
558, 2, 23, 31, 15, 0, 4.94%, 0, 0, 5, 167.39, 86648, 1840
563, 2, 23, 31, 15, 0, 4.94%, 0, 0, 5, 167.61, 87506, 1840
568, 2, 23, 31, 15, 0, 4.94%, 0, 0, 5, 167.54, 88367, 1840
573, 2, 23, 31, 15, 0, 4.94%, 0, 0, 5, 155.66, 89135, 1840
579, 2, 23, 31, 15, 0, 4.94%, 0, 0, 5, 140.94, 89843, 1840
584, 2, 23, 31, 15, 0, 4.94%, 0, 0, 5, 120.44, 90447, 1840
589, 2, 23, 31, 15, 0, 4.94%, 0, 0, 5, 125.92, 91099, 1840
594, 2, 23, 31, 15, 0, 4.94%, 0, 0, 5, 127.76, 91763, 1840
599, 2, 23, 31, 15, 0, 4.94%, 0, 0, 5, 133.99, 92455, 1840
604, 2, 23, 31, 15, 0, 4.94%, 0, 0, 5, 159.87, 93312, 1840
610, 2, 23, 31, 15, 0, 4.94%, 0, 0, 5, 159.99, 94140, 1840
615, 2, 23, 31, 15, 0, 4.94%, 0, 0, 5, 162.57, 94959, 1840
620, 2, 23, 31, 15, 0, 4.94%, 0, 0, 5, 161.67, 95784, 1840
625, 2, 23, 31, 15, 0, 4.94%, 0, 0, 5, 160.97, 96618, 1840
630, 2, 23, 31, 15, 0, 4.94%, 0, 0, 5, 163.14, 97437, 1840
635, 2, 23, 31, 15, 0, 4.94%, 0, 0, 5, 166.65, 98286, 1840
640, 2, 23, 31, 15, 0, 4.94%, 0, 0, 5, 160.82, 99103, 1840
645, 2, 23, 31, 15, 0, 4.94%, 0, 0, 5, 150.30, 99837, 1840
650, 2, 26, 32, 16, 5, 4.94%, 0, 0, 6, 152.01, 100614, 1841
655, 2, 26, 32, 16, 5, 4.94%, 0, 0, 6, 158.39, 101424, 1841
660, 2, 26, 32, 16, 5, 4.94%, 0, 0, 6, 154.26, 102209, 1841
665, 2, 26, 32, 16, 5, 4.94%, 0, 0, 6, 160.17, 103016, 1841
670, 2, 26, 32, 16, 5, 4.94%, 0, 0, 6, 156.71, 103807, 1841
675, 2, 27, 33, 16, 5, 4.95%, 0, 0, 6, 142.00, 104526, 1843
681, 2, 27, 33, 16, 5, 4.95%, 0, 0, 6, 140.49, 105248, 1843
686, 2, 27, 33, 16, 5, 4.95%, 0, 0, 6, 138.30, 105950, 1843
691, 2, 27, 33, 16, 5, 4.95%, 0, 0, 6, 135.94, 106636, 1843
696, 2, 27, 33, 16, 5, 4.95%, 0, 0, 6, 130.34, 107292, 1843
701, 2, 29, 33, 15, 5, 4.95%, 0, 0, 6, 155.89, 108110, 1843
706, 2, 29, 33, 15, 5, 4.95%, 0, 0, 6, 165.44, 108952, 1843
711, 2, 30, 33, 14, 4, 4.95%, 1, 0, 6, 159.49, 109733, 1843
716, 2, 30, 33, 14, 4, 4.95%, 1, 0, 6, 160.69, 110565, 1843
721, 2, 28, 34, 14, 3, 5.07%, 1, 0, 6, 155.12, 111354, 1891
727, 2, 28, 34, 14, 3, 5.07%, 1, 0, 6, 154.30, 112146, 1891
731, 2, 32, 34, 13, 3, 5.07%, 1, 0, 6, 157.52, 112872, 1891
