# relative_time, cycles_done, cur_item, corpus_count, pending_total, pending_favs, map_size, saved_crashes, saved_hangs, max_depth, execs_per_sec, total_execs, edges_found
61, 1, 9, 23, 15, 0, 1.65%, 0, 0, 5, 861.04, 60202, 614
66, 1, 17, 24, 15, 9, 1.65%, 0, 0, 6, 914.97, 64783, 614
71, 1, 16, 26, 12, 5, 1.65%, 0, 0, 6, 953.64, 69683, 615
76, 1, 18, 27, 9, 1, 1.65%, 0, 0, 7, 941.52, 74438, 615
81, 1, 2, 30, 12, 1, 1.65%, 0, 0, 7, 984.97, 79425, 615
86, 1, 22, 34, 16, 1, 1.66%, 0, 0, 7, 979.23, 84368, 618
91, 1, 31, 34, 15, 3, 1.66%, 0, 0, 7, 967.32, 89208, 618
96, 1, 32, 35, 15, 2, 1.66%, 0, 0, 7, 929.79, 94015, 620
101, 1, 35, 37, 14, 1, 1.79%, 0, 0, 8, 976.97, 98973, 667
106, 1, 36, 38, 14, 1, 1.79%, 1, 0, 9, 912.26, 103536, 669
